if game.PlaceId == 2414851778 then
game.Players.LocalPlayer.Character.HumanoidRootPart.CFrame = CFrame.new(-494.768738, 9.28163719, 969.209229, 0.524496377, -1.51426587e-08, -0.851412714, -3.97907947e-08, 1, -4.22976854e-08, 0.851412714, 5.60633673e-08, 0.524496377)
wait(5)
game.Players.LocalPlayer.Character.HumanoidRootPart.CFrame = CFrame.new(166.331543, 78.1312637, 842.691101, -0.709444702, -3.96014705e-08, 0.704761088, -2.85577446e-08, 1, 2.74438108e-08, -0.704761088, -6.56521559e-10, -0.709444702)
wait(5)
game.Players.LocalPlayer.Character.HumanoidRootPart.CFrame = CFrame.new(366.446442, 75.0437927, 873.011536, -0.889745414, -6.6989422e-08, 0.456457168, -5.05435018e-08, 1, 4.82379789e-08, -0.456457168, 1.98485761e-08, -0.889745414)
wait(5)
game.Players.LocalPlayer.Character.HumanoidRootPart.CFrame = CFrame.new(-165.690491, -19.9194221, 991.27594, 0.429248869, -0.030912824, 0.902657092, -0.062058311, 0.996042669, 0.063622117, -0.9010517, -0.0833270922, 0.425631791)
wait(5)
game.Players.LocalPlayer.Character.HumanoidRootPart.CFrame = CFrame.new(-332.121735, 55.3687782, 906.627747, 0.532559931, -0.00582137564, -0.846372247, -0.00700245611, 0.999911845, -0.0112835569, 0.846363306, 0.0119358553, 0.532472253)
wait(5)
game.Players.LocalPlayer.Character.HumanoidRootPart.CFrame = CFrame.new(-39.3532104, 32.2226753, 1386.01025, 0.03205112, 1.00542266e-07, -0.999486208, -1.17294596e-09, 1, 1.00556335e-07, 0.999486208, -2.05059969e-09, 0.03205112)
wait(5)
game.Players.LocalPlayer.Character.HumanoidRootPart.CFrame = CFrame.new(928.667786, 107.19059, 941.989258, 0.529303789, 7.88710466e-08, 0.848432362, 2.21994192e-08, 1, -1.06810255e-07, -0.848432362, 7.53697833e-08, 0.529303789)
wait(5)
game.Players.LocalPlayer.Character.HumanoidRootPart.CFrame = CFrame.new(850.944763, 123.262543, 1140.93604, 0.254078656, -3.15029887e-08, -0.96718359, 2.61186734e-08, 1, -2.57105182e-08, 0.96718359, -1.87290574e-08, 0.254078656)
wait(5)
game.Players.LocalPlayer.Character.HumanoidRootPart.CFrame = CFrame.new(-135.153931, 3.16871977, 872.877869, 0.999269366, 2.80450347e-08, 0.0382191017, -2.59404231e-08, 1, -5.55628752e-08, -0.0382191017, 5.45308616e-08, 0.999269366)
else
loadstring(game:HttpGet("https://raw.githubusercontent.com/ICraftPe/ICraftPe/main/Fly2"))()
end
